        # This is table 0 (the luminance table):
          10  10  10  10  10  10  10  10
          10  10  10  10  10  10  10  10
          10  10  10  10  10  10  10  10
          10  10  10  10  10  10  10  10
          10  10  10  10  10  10  10  10
          10  10  10  10  10  10  10  10
          10  10  10  10  10  10  10  10
          10  10  10  10  10  10  10  10

        # This is table 1 (the chrominance table):
          10  10  10  10  10  10  10  10
          10  10  10  10  10  10  10  10
          10  10  10  10  10  10  10  10
          10  10  10  10  10  10  10  10
          10  10  10  10  10  10  10  10
          10  10  10  10  10  10  10  10
          10  10  10  10  10  10  10  10
          10  10  10  10  10  10  10  10
		  